0,30 -> {128.000   0.000    0.000
  0.000 111.000 8192.000
  0.000 111.000 8192.000
}
0,33 -> {128.000   0.000    0.000
  0.000 107.000 8960.000
  0.000 107.000 8960.000
}
0,36 -> {128.000   0.000    0.000
  0.000 104.000 9600.000
  0.000 104.000 9600.000
}
0,39 -> {128.000  0.000     0.000
  0.000 99.000 10368.000
  0.000 99.000 10368.000
}
0,42 -> {128.000  0.000     0.000
  0.000 95.000 11008.000
  0.000 95.000 11008.000
}
0,45 -> {128.000  0.000     0.000
  0.000 91.000 11648.000
  0.000 91.000 11648.000
}
0,45 -> {128.000  0.000     0.000
  0.000 91.000 11648.000
  0.000 91.000 11648.000
}
7,30 -> { 127.000   0.000  -16.000
1024.000 111.000 8128.000
1024.000 111.000 8128.000
}
7,33 -> { 127.000   0.000  -16.000
1120.000 107.000 8890.000
1120.000 107.000 8890.000
}
7,36 -> { 127.000   0.000  -16.000
1200.000 104.000 9525.000
1200.000 104.000 9525.000
}
7,39 -> { 127.000  0.000   -16.000
1296.000 99.000 10287.000
1296.000 99.000 10287.000
}
7,42 -> { 127.000  0.000   -16.000
1376.000 95.000 10922.000
1376.000 95.000 10922.000
}
7,45 -> { 127.000  0.000   -16.000
1456.000 91.000 11557.000
1456.000 91.000 11557.000
}
7,45 -> {  127.000  0.000    16.000
-1456.000 91.000 11557.000
-1456.000 91.000 11557.000
}
14,30 -> { 124.000   0.000  -31.000
1984.000 111.000 7936.000
1984.000 111.000 7936.000
}
14,33 -> { 124.000   0.000  -31.000
2170.000 107.000 8680.000
2170.000 107.000 8680.000
}
14,36 -> { 124.000   0.000  -31.000
2325.000 104.000 9300.000
2325.000 104.000 9300.000
}
14,39 -> { 124.000  0.000   -31.000
2511.000 99.000 10044.000
2511.000 99.000 10044.000
}
14,42 -> { 124.000  0.000   -31.000
2666.000 95.000 10664.000
2666.000 95.000 10664.000
}
14,45 -> { 124.000  0.000   -31.000
2821.000 91.000 11284.000
2821.000 91.000 11284.000
}
14,45 -> {  124.000  0.000    31.000
-2821.000 91.000 11284.000
-2821.000 91.000 11284.000
}
21,30 -> { 119.000   0.000  -46.000
2944.000 111.000 7616.000
2944.000 111.000 7616.000
}
21,33 -> { 119.000   0.000  -46.000
3220.000 107.000 8330.000
3220.000 107.000 8330.000
}
21,36 -> { 119.000   0.000  -46.000
3450.000 104.000 8925.000
3450.000 104.000 8925.000
}
21,39 -> { 119.000  0.000  -46.000
3726.000 99.000 9639.000
3726.000 99.000 9639.000
}
21,42 -> { 119.000  0.000   -46.000
3956.000 95.000 10234.000
3956.000 95.000 10234.000
}
21,45 -> { 119.000  0.000   -46.000
4186.000 91.000 10829.000
4186.000 91.000 10829.000
}
21,45 -> {  119.000  0.000    46.000
-4186.000 91.000 10829.000
-4186.000 91.000 10829.000
}
28,30 -> { 113.000   0.000  -60.000
3840.000 111.000 7232.000
3840.000 111.000 7232.000
}
28,33 -> { 113.000   0.000  -60.000
4200.000 107.000 7910.000
4200.000 107.000 7910.000
}
28,36 -> { 113.000   0.000  -60.000
4500.000 104.000 8475.000
4500.000 104.000 8475.000
}
28,39 -> { 113.000  0.000  -60.000
4860.000 99.000 9153.000
4860.000 99.000 9153.000
}
28,42 -> { 113.000  0.000  -60.000
5160.000 95.000 9718.000
5160.000 95.000 9718.000
}
28,45 -> { 113.000  0.000   -60.000
5460.000 91.000 10283.000
5460.000 91.000 10283.000
}
28,45 -> {  113.000  0.000    60.000
-5460.000 91.000 10283.000
-5460.000 91.000 10283.000
}
35,30 -> { 105.000   0.000  -73.000
4672.000 111.000 6720.000
4672.000 111.000 6720.000
}
35,33 -> { 105.000   0.000  -73.000
5110.000 107.000 7350.000
5110.000 107.000 7350.000
}
35,36 -> { 105.000   0.000  -73.000
5475.000 104.000 7875.000
5475.000 104.000 7875.000
}
35,39 -> { 105.000  0.000  -73.000
5913.000 99.000 8505.000
5913.000 99.000 8505.000
}
35,42 -> { 105.000  0.000  -73.000
6278.000 95.000 9030.000
6278.000 95.000 9030.000
}
35,45 -> { 105.000  0.000  -73.000
6643.000 91.000 9555.000
6643.000 91.000 9555.000
}
35,45 -> {  105.000  0.000   73.000
-6643.000 91.000 9555.000
-6643.000 91.000 9555.000
}
42,30 -> {  95.000   0.000  -86.000
5504.000 111.000 6080.000
5504.000 111.000 6080.000
}
42,33 -> {  95.000   0.000  -86.000
6020.000 107.000 6650.000
6020.000 107.000 6650.000
}
42,36 -> {  95.000   0.000  -86.000
6450.000 104.000 7125.000
6450.000 104.000 7125.000
}
42,39 -> {  95.000  0.000  -86.000
6966.000 99.000 7695.000
6966.000 99.000 7695.000
}
42,42 -> {  95.000  0.000  -86.000
7396.000 95.000 8170.000
7396.000 95.000 8170.000
}
42,45 -> {  95.000  0.000  -86.000
7826.000 91.000 8645.000
7826.000 91.000 8645.000
}
42,45 -> {   95.000  0.000   86.000
-7826.000 91.000 8645.000
-7826.000 91.000 8645.000
}
49,30 -> {  84.000   0.000  -97.000
6208.000 111.000 5376.000
6208.000 111.000 5376.000
}
49,33 -> {  84.000   0.000  -97.000
6790.000 107.000 5880.000
6790.000 107.000 5880.000
}
49,36 -> {  84.000   0.000  -97.000
7275.000 104.000 6300.000
7275.000 104.000 6300.000
}
49,39 -> {  84.000  0.000  -97.000
7857.000 99.000 6804.000
7857.000 99.000 6804.000
}
49,42 -> {  84.000  0.000  -97.000
8342.000 95.000 7224.000
8342.000 95.000 7224.000
}
49,45 -> {  84.000  0.000  -97.000
8827.000 91.000 7644.000
8827.000 91.000 7644.000
}
49,45 -> {   84.000  0.000   97.000
-8827.000 91.000 7644.000
-8827.000 91.000 7644.000
}
56,30 -> {  72.000   0.000 -106.000
6784.000 111.000 4608.000
6784.000 111.000 4608.000
}
56,33 -> {  72.000   0.000 -106.000
7420.000 107.000 5040.000
7420.000 107.000 5040.000
}
56,36 -> {  72.000   0.000 -106.000
7950.000 104.000 5400.000
7950.000 104.000 5400.000
}
56,39 -> {  72.000  0.000 -106.000
8586.000 99.000 5832.000
8586.000 99.000 5832.000
}
56,42 -> {  72.000  0.000 -106.000
9116.000 95.000 6192.000
9116.000 95.000 6192.000
}
56,45 -> {  72.000  0.000 -106.000
9646.000 91.000 6552.000
9646.000 91.000 6552.000
}
56,45 -> {   72.000  0.000  106.000
-9646.000 91.000 6552.000
-9646.000 91.000 6552.000
}
63,30 -> {  58.000   0.000 -114.000
7296.000 111.000 3712.000
7296.000 111.000 3712.000
}
63,33 -> {  58.000   0.000 -114.000
7980.000 107.000 4060.000
7980.000 107.000 4060.000
}
63,36 -> {  58.000   0.000 -114.000
8550.000 104.000 4350.000
8550.000 104.000 4350.000
}
63,39 -> {  58.000  0.000 -114.000
9234.000 99.000 4698.000
9234.000 99.000 4698.000
}
63,42 -> {  58.000  0.000 -114.000
9804.000 95.000 4988.000
9804.000 95.000 4988.000
}
63,45 -> {   58.000  0.000 -114.000
10374.000 91.000 5278.000
10374.000 91.000 5278.000
}
63,45 -> {    58.000  0.000  114.000
-10374.000 91.000 5278.000
-10374.000 91.000 5278.000
}
70,30 -> {  44.000   0.000 -120.000
7680.000 111.000 2816.000
7680.000 111.000 2816.000
}
70,33 -> {  44.000   0.000 -120.000
8400.000 107.000 3080.000
8400.000 107.000 3080.000
}
70,36 -> {  44.000   0.000 -120.000
9000.000 104.000 3300.000
9000.000 104.000 3300.000
}
70,39 -> {  44.000  0.000 -120.000
9720.000 99.000 3564.000
9720.000 99.000 3564.000
}
70,42 -> {   44.000  0.000 -120.000
10320.000 95.000 3784.000
10320.000 95.000 3784.000
}
70,45 -> {   44.000  0.000 -120.000
10920.000 91.000 4004.000
10920.000 91.000 4004.000
}
70,45 -> {    44.000  0.000  120.000
-10920.000 91.000 4004.000
-10920.000 91.000 4004.000
}
77,30 -> {  29.000   0.000 -125.000
8000.000 111.000 1856.000
8000.000 111.000 1856.000
}
77,33 -> {  29.000   0.000 -125.000
8750.000 107.000 2030.000
8750.000 107.000 2030.000
}
77,36 -> {  29.000   0.000 -125.000
9375.000 104.000 2175.000
9375.000 104.000 2175.000
}
77,39 -> {   29.000  0.000 -125.000
10125.000 99.000 2349.000
10125.000 99.000 2349.000
}
77,42 -> {   29.000  0.000 -125.000
10750.000 95.000 2494.000
10750.000 95.000 2494.000
}
77,45 -> {   29.000  0.000 -125.000
11375.000 91.000 2639.000
11375.000 91.000 2639.000
}
77,45 -> {    29.000  0.000  125.000
-11375.000 91.000 2639.000
-11375.000 91.000 2639.000
}
84,30 -> {  13.000   0.000 -127.000
8128.000 111.000  832.000
8128.000 111.000  832.000
}
84,33 -> {  13.000   0.000 -127.000
8890.000 107.000  910.000
8890.000 107.000  910.000
}
84,36 -> {  13.000   0.000 -127.000
9525.000 104.000  975.000
9525.000 104.000  975.000
}
84,39 -> {   13.000  0.000 -127.000
10287.000 99.000 1053.000
10287.000 99.000 1053.000
}
84,42 -> {   13.000  0.000 -127.000
10922.000 95.000 1118.000
10922.000 95.000 1118.000
}
84,45 -> {   13.000  0.000 -127.000
11557.000 91.000 1183.000
11557.000 91.000 1183.000
}
84,45 -> {    13.000  0.000  127.000
-11557.000 91.000 1183.000
-11557.000 91.000 1183.000
}
91,30 -> {  -2.000   0.000 -128.000
8192.000 111.000 -128.000
8192.000 111.000 -128.000
}
91,33 -> {  -2.000   0.000 -128.000
8960.000 107.000 -140.000
8960.000 107.000 -140.000
}
91,36 -> {  -2.000   0.000 -128.000
9600.000 104.000 -150.000
9600.000 104.000 -150.000
}
91,39 -> {   -2.000  0.000 -128.000
10368.000 99.000 -162.000
10368.000 99.000 -162.000
}
91,42 -> {   -2.000  0.000 -128.000
11008.000 95.000 -172.000
11008.000 95.000 -172.000
}
91,45 -> {   -2.000  0.000 -128.000
11648.000 91.000 -182.000
11648.000 91.000 -182.000
}
91,45 -> {    -2.000  0.000  128.000
-11648.000 91.000 -182.000
-11648.000 91.000 -182.000
}
98,30 -> { -18.000   0.000  -127.000
8128.000 111.000 -1152.000
8128.000 111.000 -1152.000
}
98,33 -> { -18.000   0.000  -127.000
8890.000 107.000 -1260.000
8890.000 107.000 -1260.000
}
98,36 -> { -18.000   0.000  -127.000
9525.000 104.000 -1350.000
9525.000 104.000 -1350.000
}
98,39 -> {  -18.000  0.000  -127.000
10287.000 99.000 -1458.000
10287.000 99.000 -1458.000
}
98,42 -> {  -18.000  0.000  -127.000
10922.000 95.000 -1548.000
10922.000 95.000 -1548.000
}
98,45 -> {  -18.000  0.000  -127.000
11557.000 91.000 -1638.000
11557.000 91.000 -1638.000
}
98,45 -> {   -18.000  0.000   127.000
-11557.000 91.000 -1638.000
-11557.000 91.000 -1638.000
}
105,30 -> { -33.000   0.000  -124.000
7936.000 111.000 -2112.000
7936.000 111.000 -2112.000
}
105,33 -> { -33.000   0.000  -124.000
8680.000 107.000 -2310.000
8680.000 107.000 -2310.000
}
105,36 -> { -33.000   0.000  -124.000
9300.000 104.000 -2475.000
9300.000 104.000 -2475.000
}
105,39 -> {  -33.000  0.000  -124.000
10044.000 99.000 -2673.000
10044.000 99.000 -2673.000
}
105,42 -> {  -33.000  0.000  -124.000
10664.000 95.000 -2838.000
10664.000 95.000 -2838.000
}
105,45 -> {  -33.000  0.000  -124.000
11284.000 91.000 -3003.000
11284.000 91.000 -3003.000
}
105,45 -> {   -33.000  0.000   124.000
-11284.000 91.000 -3003.000
-11284.000 91.000 -3003.000
}
112,30 -> { -48.000   0.000  -119.000
7616.000 111.000 -3072.000
7616.000 111.000 -3072.000
}
112,33 -> { -48.000   0.000  -119.000
8330.000 107.000 -3360.000
8330.000 107.000 -3360.000
}
112,36 -> { -48.000   0.000  -119.000
8925.000 104.000 -3600.000
8925.000 104.000 -3600.000
}
112,39 -> { -48.000  0.000  -119.000
9639.000 99.000 -3888.000
9639.000 99.000 -3888.000
}
112,42 -> {  -48.000  0.000  -119.000
10234.000 95.000 -4128.000
10234.000 95.000 -4128.000
}
112,45 -> {  -48.000  0.000  -119.000
10829.000 91.000 -4368.000
10829.000 91.000 -4368.000
}
112,45 -> {   -48.000  0.000   119.000
-10829.000 91.000 -4368.000
-10829.000 91.000 -4368.000
}
119,30 -> { -62.000   0.000  -112.000
7168.000 111.000 -3968.000
7168.000 111.000 -3968.000
}
119,33 -> { -62.000   0.000  -112.000
7840.000 107.000 -4340.000
7840.000 107.000 -4340.000
}
119,36 -> { -62.000   0.000  -112.000
8400.000 104.000 -4650.000
8400.000 104.000 -4650.000
}
119,39 -> { -62.000  0.000  -112.000
9072.000 99.000 -5022.000
9072.000 99.000 -5022.000
}
119,42 -> { -62.000  0.000  -112.000
9632.000 95.000 -5332.000
9632.000 95.000 -5332.000
}
119,45 -> {  -62.000  0.000  -112.000
10192.000 91.000 -5642.000
10192.000 91.000 -5642.000
}
119,45 -> {   -62.000  0.000   112.000
-10192.000 91.000 -5642.000
-10192.000 91.000 -5642.000
}
126,30 -> { -75.000   0.000  -104.000
6656.000 111.000 -4800.000
6656.000 111.000 -4800.000
}
126,33 -> { -75.000   0.000  -104.000
7280.000 107.000 -5250.000
7280.000 107.000 -5250.000
}
126,36 -> { -75.000   0.000  -104.000
7800.000 104.000 -5625.000
7800.000 104.000 -5625.000
}
126,39 -> { -75.000  0.000  -104.000
8424.000 99.000 -6075.000
8424.000 99.000 -6075.000
}
126,42 -> { -75.000  0.000  -104.000
8944.000 95.000 -6450.000
8944.000 95.000 -6450.000
}
126,45 -> { -75.000  0.000  -104.000
9464.000 91.000 -6825.000
9464.000 91.000 -6825.000
}
126,45 -> {  -75.000  0.000   104.000
-9464.000 91.000 -6825.000
-9464.000 91.000 -6825.000
}
133,30 -> { -87.000   0.000   -94.000
6016.000 111.000 -5568.000
6016.000 111.000 -5568.000
}
133,33 -> { -87.000   0.000   -94.000
6580.000 107.000 -6090.000
6580.000 107.000 -6090.000
}
133,36 -> { -87.000   0.000   -94.000
7050.000 104.000 -6525.000
7050.000 104.000 -6525.000
}
133,39 -> { -87.000  0.000   -94.000
7614.000 99.000 -7047.000
7614.000 99.000 -7047.000
}
133,42 -> { -87.000  0.000   -94.000
8084.000 95.000 -7482.000
8084.000 95.000 -7482.000
}
133,45 -> { -87.000  0.000   -94.000
8554.000 91.000 -7917.000
8554.000 91.000 -7917.000
}
133,45 -> {  -87.000  0.000    94.000
-8554.000 91.000 -7917.000
-8554.000 91.000 -7917.000
}
140,30 -> { -98.000   0.000   -82.000
5248.000 111.000 -6272.000
5248.000 111.000 -6272.000
}
140,33 -> { -98.000   0.000   -82.000
5740.000 107.000 -6860.000
5740.000 107.000 -6860.000
}
140,36 -> { -98.000   0.000   -82.000
6150.000 104.000 -7350.000
6150.000 104.000 -7350.000
}
140,39 -> { -98.000  0.000   -82.000
6642.000 99.000 -7938.000
6642.000 99.000 -7938.000
}
140,42 -> { -98.000  0.000   -82.000
7052.000 95.000 -8428.000
7052.000 95.000 -8428.000
}
140,45 -> { -98.000  0.000   -82.000
7462.000 91.000 -8918.000
7462.000 91.000 -8918.000
}
140,45 -> {  -98.000  0.000    82.000
-7462.000 91.000 -8918.000
-7462.000 91.000 -8918.000
}
147,30 -> {-107.000   0.000   -70.000
4480.000 111.000 -6848.000
4480.000 111.000 -6848.000
}
147,33 -> {-107.000   0.000   -70.000
4900.000 107.000 -7490.000
4900.000 107.000 -7490.000
}
147,36 -> {-107.000   0.000   -70.000
5250.000 104.000 -8025.000
5250.000 104.000 -8025.000
}
147,39 -> {-107.000  0.000   -70.000
5670.000 99.000 -8667.000
5670.000 99.000 -8667.000
}
147,42 -> {-107.000  0.000   -70.000
6020.000 95.000 -9202.000
6020.000 95.000 -9202.000
}
147,45 -> {-107.000  0.000   -70.000
6370.000 91.000 -9737.000
6370.000 91.000 -9737.000
}
147,45 -> { -107.000  0.000    70.000
-6370.000 91.000 -9737.000
-6370.000 91.000 -9737.000
}
154,30 -> {-115.000   0.000   -56.000
3584.000 111.000 -7360.000
3584.000 111.000 -7360.000
}
154,33 -> {-115.000   0.000   -56.000
3920.000 107.000 -8050.000
3920.000 107.000 -8050.000
}
154,36 -> {-115.000   0.000   -56.000
4200.000 104.000 -8625.000
4200.000 104.000 -8625.000
}
154,39 -> {-115.000  0.000   -56.000
4536.000 99.000 -9315.000
4536.000 99.000 -9315.000
}
154,42 -> {-115.000  0.000   -56.000
4816.000 95.000 -9890.000
4816.000 95.000 -9890.000
}
154,45 -> {-115.000  0.000    -56.000
5096.000 91.000 -10465.000
5096.000 91.000 -10465.000
}
154,45 -> { -115.000  0.000     56.000
-5096.000 91.000 -10465.000
-5096.000 91.000 -10465.000
}
161,30 -> {-121.000   0.000   -42.000
2688.000 111.000 -7744.000
2688.000 111.000 -7744.000
}
161,33 -> {-121.000   0.000   -42.000
2940.000 107.000 -8470.000
2940.000 107.000 -8470.000
}
161,36 -> {-121.000   0.000   -42.000
3150.000 104.000 -9075.000
3150.000 104.000 -9075.000
}
161,39 -> {-121.000  0.000   -42.000
3402.000 99.000 -9801.000
3402.000 99.000 -9801.000
}
161,42 -> {-121.000  0.000    -42.000
3612.000 95.000 -10406.000
3612.000 95.000 -10406.000
}
161,45 -> {-121.000  0.000    -42.000
3822.000 91.000 -11011.000
3822.000 91.000 -11011.000
}
161,45 -> { -121.000  0.000     42.000
-3822.000 91.000 -11011.000
-3822.000 91.000 -11011.000
}
168,30 -> {-125.000   0.000   -27.000
1728.000 111.000 -8000.000
1728.000 111.000 -8000.000
}
168,33 -> {-125.000   0.000   -27.000
1890.000 107.000 -8750.000
1890.000 107.000 -8750.000
}
168,36 -> {-125.000   0.000   -27.000
2025.000 104.000 -9375.000
2025.000 104.000 -9375.000
}
168,39 -> {-125.000  0.000    -27.000
2187.000 99.000 -10125.000
2187.000 99.000 -10125.000
}
168,42 -> {-125.000  0.000    -27.000
2322.000 95.000 -10750.000
2322.000 95.000 -10750.000
}
168,45 -> {-125.000  0.000    -27.000
2457.000 91.000 -11375.000
2457.000 91.000 -11375.000
}
168,45 -> { -125.000  0.000     27.000
-2457.000 91.000 -11375.000
-2457.000 91.000 -11375.000
}
175,30 -> {-128.000   0.000   -11.000
 704.000 111.000 -8192.000
 704.000 111.000 -8192.000
}
175,33 -> {-128.000   0.000   -11.000
 770.000 107.000 -8960.000
 770.000 107.000 -8960.000
}
175,36 -> {-128.000   0.000   -11.000
 825.000 104.000 -9600.000
 825.000 104.000 -9600.000
}
175,39 -> {-128.000  0.000    -11.000
 891.000 99.000 -10368.000
 891.000 99.000 -10368.000
}
175,42 -> {-128.000  0.000    -11.000
 946.000 95.000 -11008.000
 946.000 95.000 -11008.000
}
175,45 -> {-128.000  0.000    -11.000
1001.000 91.000 -11648.000
1001.000 91.000 -11648.000
}
175,45 -> { -128.000  0.000     11.000
-1001.000 91.000 -11648.000
-1001.000 91.000 -11648.000
}
182,30 -> {-128.000   0.000     4.000
-256.000 111.000 -8192.000
-256.000 111.000 -8192.000
}
182,33 -> {-128.000   0.000     4.000
-280.000 107.000 -8960.000
-280.000 107.000 -8960.000
}
182,36 -> {-128.000   0.000     4.000
-300.000 104.000 -9600.000
-300.000 104.000 -9600.000
}
182,39 -> {-128.000  0.000      4.000
-324.000 99.000 -10368.000
-324.000 99.000 -10368.000
}
182,42 -> {-128.000  0.000      4.000
-344.000 95.000 -11008.000
-344.000 95.000 -11008.000
}
182,45 -> {-128.000  0.000      4.000
-364.000 91.000 -11648.000
-364.000 91.000 -11648.000
}
182,45 -> {-128.000  0.000     -4.000
 364.000 91.000 -11648.000
 364.000 91.000 -11648.000
}
189,30 -> { -126.000   0.000    20.000
-1280.000 111.000 -8064.000
-1280.000 111.000 -8064.000
}
189,33 -> { -126.000   0.000    20.000
-1400.000 107.000 -8820.000
-1400.000 107.000 -8820.000
}
189,36 -> { -126.000   0.000    20.000
-1500.000 104.000 -9450.000
-1500.000 104.000 -9450.000
}
189,39 -> { -126.000  0.000     20.000
-1620.000 99.000 -10206.000
-1620.000 99.000 -10206.000
}
189,42 -> { -126.000  0.000     20.000
-1720.000 95.000 -10836.000
-1720.000 95.000 -10836.000
}
189,45 -> { -126.000  0.000     20.000
-1820.000 91.000 -11466.000
-1820.000 91.000 -11466.000
}
189,45 -> {-126.000  0.000    -20.000
1820.000 91.000 -11466.000
1820.000 91.000 -11466.000
}
196,30 -> { -123.000   0.000    35.000
-2240.000 111.000 -7872.000
-2240.000 111.000 -7872.000
}
196,33 -> { -123.000   0.000    35.000
-2450.000 107.000 -8610.000
-2450.000 107.000 -8610.000
}
196,36 -> { -123.000   0.000    35.000
-2625.000 104.000 -9225.000
-2625.000 104.000 -9225.000
}
196,39 -> { -123.000  0.000    35.000
-2835.000 99.000 -9963.000
-2835.000 99.000 -9963.000
}
196,42 -> { -123.000  0.000     35.000
-3010.000 95.000 -10578.000
-3010.000 95.000 -10578.000
}
196,45 -> { -123.000  0.000     35.000
-3185.000 91.000 -11193.000
-3185.000 91.000 -11193.000
}
196,45 -> {-123.000  0.000    -35.000
3185.000 91.000 -11193.000
3185.000 91.000 -11193.000
}
203,30 -> { -118.000   0.000    50.000
-3200.000 111.000 -7552.000
-3200.000 111.000 -7552.000
}
203,33 -> { -118.000   0.000    50.000
-3500.000 107.000 -8260.000
-3500.000 107.000 -8260.000
}
203,36 -> { -118.000   0.000    50.000
-3750.000 104.000 -8850.000
-3750.000 104.000 -8850.000
}
203,39 -> { -118.000  0.000    50.000
-4050.000 99.000 -9558.000
-4050.000 99.000 -9558.000
}
203,42 -> { -118.000  0.000     50.000
-4300.000 95.000 -10148.000
-4300.000 95.000 -10148.000
}
203,45 -> { -118.000  0.000     50.000
-4550.000 91.000 -10738.000
-4550.000 91.000 -10738.000
}
203,45 -> {-118.000  0.000    -50.000
4550.000 91.000 -10738.000
4550.000 91.000 -10738.000
}
210,30 -> { -111.000   0.000    64.000
-4096.000 111.000 -7104.000
-4096.000 111.000 -7104.000
}
210,33 -> { -111.000   0.000    64.000
-4480.000 107.000 -7770.000
-4480.000 107.000 -7770.000
}
210,36 -> { -111.000   0.000    64.000
-4800.000 104.000 -8325.000
-4800.000 104.000 -8325.000
}
210,39 -> { -111.000  0.000    64.000
-5184.000 99.000 -8991.000
-5184.000 99.000 -8991.000
}
210,42 -> { -111.000  0.000    64.000
-5504.000 95.000 -9546.000
-5504.000 95.000 -9546.000
}
210,45 -> { -111.000  0.000     64.000
-5824.000 91.000 -10101.000
-5824.000 91.000 -10101.000
}
210,45 -> {-111.000  0.000    -64.000
5824.000 91.000 -10101.000
5824.000 91.000 -10101.000
}
217,30 -> { -102.000   0.000    77.000
-4928.000 111.000 -6528.000
-4928.000 111.000 -6528.000
}
217,33 -> { -102.000   0.000    77.000
-5390.000 107.000 -7140.000
-5390.000 107.000 -7140.000
}
217,36 -> { -102.000   0.000    77.000
-5775.000 104.000 -7650.000
-5775.000 104.000 -7650.000
}
217,39 -> { -102.000  0.000    77.000
-6237.000 99.000 -8262.000
-6237.000 99.000 -8262.000
}
217,42 -> { -102.000  0.000    77.000
-6622.000 95.000 -8772.000
-6622.000 95.000 -8772.000
}
217,45 -> { -102.000  0.000    77.000
-7007.000 91.000 -9282.000
-7007.000 91.000 -9282.000
}
217,45 -> {-102.000  0.000   -77.000
7007.000 91.000 -9282.000
7007.000 91.000 -9282.000
}
224,30 -> {  -92.000   0.000    89.000
-5696.000 111.000 -5888.000
-5696.000 111.000 -5888.000
}
224,33 -> {  -92.000   0.000    89.000
-6230.000 107.000 -6440.000
-6230.000 107.000 -6440.000
}
224,36 -> {  -92.000   0.000    89.000
-6675.000 104.000 -6900.000
-6675.000 104.000 -6900.000
}
224,39 -> {  -92.000  0.000    89.000
-7209.000 99.000 -7452.000
-7209.000 99.000 -7452.000
}
224,42 -> {  -92.000  0.000    89.000
-7654.000 95.000 -7912.000
-7654.000 95.000 -7912.000
}
224,45 -> {  -92.000  0.000    89.000
-8099.000 91.000 -8372.000
-8099.000 91.000 -8372.000
}
224,45 -> { -92.000  0.000   -89.000
8099.000 91.000 -8372.000
8099.000 91.000 -8372.000
}
231,30 -> {  -81.000   0.000    99.000
-6336.000 111.000 -5184.000
-6336.000 111.000 -5184.000
}
231,33 -> {  -81.000   0.000    99.000
-6930.000 107.000 -5670.000
-6930.000 107.000 -5670.000
}
231,36 -> {  -81.000   0.000    99.000
-7425.000 104.000 -6075.000
-7425.000 104.000 -6075.000
}
231,39 -> {  -81.000  0.000    99.000
-8019.000 99.000 -6561.000
-8019.000 99.000 -6561.000
}
231,42 -> {  -81.000  0.000    99.000
-8514.000 95.000 -6966.000
-8514.000 95.000 -6966.000
}
231,45 -> {  -81.000  0.000    99.000
-9009.000 91.000 -7371.000
-9009.000 91.000 -7371.000
}
231,45 -> { -81.000  0.000   -99.000
9009.000 91.000 -7371.000
9009.000 91.000 -7371.000
}
238,30 -> {  -68.000   0.000   109.000
-6976.000 111.000 -4352.000
-6976.000 111.000 -4352.000
}
238,33 -> {  -68.000   0.000   109.000
-7630.000 107.000 -4760.000
-7630.000 107.000 -4760.000
}
238,36 -> {  -68.000   0.000   109.000
-8175.000 104.000 -5100.000
-8175.000 104.000 -5100.000
}
238,39 -> {  -68.000  0.000   109.000
-8829.000 99.000 -5508.000
-8829.000 99.000 -5508.000
}
238,42 -> {  -68.000  0.000   109.000
-9374.000 95.000 -5848.000
-9374.000 95.000 -5848.000
}
238,45 -> {  -68.000  0.000   109.000
-9919.000 91.000 -6188.000
-9919.000 91.000 -6188.000
}
238,45 -> { -68.000  0.000  -109.000
9919.000 91.000 -6188.000
9919.000 91.000 -6188.000
}
245,30 -> {  -54.000   0.000   116.000
-7424.000 111.000 -3456.000
-7424.000 111.000 -3456.000
}
245,33 -> {  -54.000   0.000   116.000
-8120.000 107.000 -3780.000
-8120.000 107.000 -3780.000
}
245,36 -> {  -54.000   0.000   116.000
-8700.000 104.000 -4050.000
-8700.000 104.000 -4050.000
}
245,39 -> {  -54.000  0.000   116.000
-9396.000 99.000 -4374.000
-9396.000 99.000 -4374.000
}
245,42 -> {  -54.000  0.000   116.000
-9976.000 95.000 -4644.000
-9976.000 95.000 -4644.000
}
245,45 -> {   -54.000  0.000   116.000
-10556.000 91.000 -4914.000
-10556.000 91.000 -4914.000
}
245,45 -> {  -54.000  0.000  -116.000
10556.000 91.000 -4914.000
10556.000 91.000 -4914.000
}
252,30 -> {  -40.000   0.000   122.000
-7808.000 111.000 -2560.000
-7808.000 111.000 -2560.000
}
252,33 -> {  -40.000   0.000   122.000
-8540.000 107.000 -2800.000
-8540.000 107.000 -2800.000
}
252,36 -> {  -40.000   0.000   122.000
-9150.000 104.000 -3000.000
-9150.000 104.000 -3000.000
}
252,39 -> {  -40.000  0.000   122.000
-9882.000 99.000 -3240.000
-9882.000 99.000 -3240.000
}
252,42 -> {   -40.000  0.000   122.000
-10492.000 95.000 -3440.000
-10492.000 95.000 -3440.000
}
252,45 -> {   -40.000  0.000   122.000
-11102.000 91.000 -3640.000
-11102.000 91.000 -3640.000
}
252,45 -> {  -40.000  0.000  -122.000
11102.000 91.000 -3640.000
11102.000 91.000 -3640.000
}
259,30 -> {  -24.000   0.000   126.000
-8064.000 111.000 -1536.000
-8064.000 111.000 -1536.000
}
259,33 -> {  -24.000   0.000   126.000
-8820.000 107.000 -1680.000
-8820.000 107.000 -1680.000
}
259,36 -> {  -24.000   0.000   126.000
-9450.000 104.000 -1800.000
-9450.000 104.000 -1800.000
}
259,39 -> {   -24.000  0.000   126.000
-10206.000 99.000 -1944.000
-10206.000 99.000 -1944.000
}
259,42 -> {   -24.000  0.000   126.000
-10836.000 95.000 -2064.000
-10836.000 95.000 -2064.000
}
259,45 -> {   -24.000  0.000   126.000
-11466.000 91.000 -2184.000
-11466.000 91.000 -2184.000
}
259,45 -> {  -24.000  0.000  -126.000
11466.000 91.000 -2184.000
11466.000 91.000 -2184.000
}
266,30 -> {   -9.000   0.000  128.000
-8192.000 111.000 -576.000
-8192.000 111.000 -576.000
}
266,33 -> {   -9.000   0.000  128.000
-8960.000 107.000 -630.000
-8960.000 107.000 -630.000
}
266,36 -> {   -9.000   0.000  128.000
-9600.000 104.000 -675.000
-9600.000 104.000 -675.000
}
266,39 -> {    -9.000  0.000  128.000
-10368.000 99.000 -729.000
-10368.000 99.000 -729.000
}
266,42 -> {    -9.000  0.000  128.000
-11008.000 95.000 -774.000
-11008.000 95.000 -774.000
}
266,45 -> {    -9.000  0.000  128.000
-11648.000 91.000 -819.000
-11648.000 91.000 -819.000
}
266,45 -> {   -9.000  0.000 -128.000
11648.000 91.000 -819.000
11648.000 91.000 -819.000
}
273,30 -> {    7.000   0.000 128.000
-8192.000 111.000 448.000
-8192.000 111.000 448.000
}
273,33 -> {    7.000   0.000 128.000
-8960.000 107.000 490.000
-8960.000 107.000 490.000
}
273,36 -> {    7.000   0.000 128.000
-9600.000 104.000 525.000
-9600.000 104.000 525.000
}
273,39 -> {     7.000  0.000 128.000
-10368.000 99.000 567.000
-10368.000 99.000 567.000
}
273,42 -> {     7.000  0.000 128.000
-11008.000 95.000 602.000
-11008.000 95.000 602.000
}
273,45 -> {     7.000  0.000 128.000
-11648.000 91.000 637.000
-11648.000 91.000 637.000
}
273,45 -> {    7.000  0.000 -128.000
11648.000 91.000  637.000
11648.000 91.000  637.000
}
280,30 -> {   22.000   0.000  126.000
-8064.000 111.000 1408.000
-8064.000 111.000 1408.000
}
280,33 -> {   22.000   0.000  126.000
-8820.000 107.000 1540.000
-8820.000 107.000 1540.000
}
280,36 -> {   22.000   0.000  126.000
-9450.000 104.000 1650.000
-9450.000 104.000 1650.000
}
280,39 -> {    22.000  0.000  126.000
-10206.000 99.000 1782.000
-10206.000 99.000 1782.000
}
280,42 -> {    22.000  0.000  126.000
-10836.000 95.000 1892.000
-10836.000 95.000 1892.000
}
280,45 -> {    22.000  0.000  126.000
-11466.000 91.000 2002.000
-11466.000 91.000 2002.000
}
280,45 -> {   22.000  0.000 -126.000
11466.000 91.000 2002.000
11466.000 91.000 2002.000
}
287,30 -> {   37.000   0.000  122.000
-7808.000 111.000 2368.000
-7808.000 111.000 2368.000
}
287,33 -> {   37.000   0.000  122.000
-8540.000 107.000 2590.000
-8540.000 107.000 2590.000
}
287,36 -> {   37.000   0.000  122.000
-9150.000 104.000 2775.000
-9150.000 104.000 2775.000
}
287,39 -> {   37.000  0.000  122.000
-9882.000 99.000 2997.000
-9882.000 99.000 2997.000
}
287,42 -> {    37.000  0.000  122.000
-10492.000 95.000 3182.000
-10492.000 95.000 3182.000
}
287,45 -> {    37.000  0.000  122.000
-11102.000 91.000 3367.000
-11102.000 91.000 3367.000
}
287,45 -> {   37.000  0.000 -122.000
11102.000 91.000 3367.000
11102.000 91.000 3367.000
}
294,30 -> {   52.000   0.000  117.000
-7488.000 111.000 3328.000
-7488.000 111.000 3328.000
}
294,33 -> {   52.000   0.000  117.000
-8190.000 107.000 3640.000
-8190.000 107.000 3640.000
}
294,36 -> {   52.000   0.000  117.000
-8775.000 104.000 3900.000
-8775.000 104.000 3900.000
}
294,39 -> {   52.000  0.000  117.000
-9477.000 99.000 4212.000
-9477.000 99.000 4212.000
}
294,42 -> {    52.000  0.000  117.000
-10062.000 95.000 4472.000
-10062.000 95.000 4472.000
}
294,45 -> {    52.000  0.000  117.000
-10647.000 91.000 4732.000
-10647.000 91.000 4732.000
}
294,45 -> {   52.000  0.000 -117.000
10647.000 91.000 4732.000
10647.000 91.000 4732.000
}
301,30 -> {   66.000   0.000  110.000
-7040.000 111.000 4224.000
-7040.000 111.000 4224.000
}
301,33 -> {   66.000   0.000  110.000
-7700.000 107.000 4620.000
-7700.000 107.000 4620.000
}
301,36 -> {   66.000   0.000  110.000
-8250.000 104.000 4950.000
-8250.000 104.000 4950.000
}
301,39 -> {   66.000  0.000  110.000
-8910.000 99.000 5346.000
-8910.000 99.000 5346.000
}
301,42 -> {   66.000  0.000  110.000
-9460.000 95.000 5676.000
-9460.000 95.000 5676.000
}
301,45 -> {    66.000  0.000  110.000
-10010.000 91.000 6006.000
-10010.000 91.000 6006.000
}
301,45 -> {   66.000  0.000 -110.000
10010.000 91.000 6006.000
10010.000 91.000 6006.000
}
308,30 -> {   79.000   0.000  101.000
-6464.000 111.000 5056.000
-6464.000 111.000 5056.000
}
308,33 -> {   79.000   0.000  101.000
-7070.000 107.000 5530.000
-7070.000 107.000 5530.000
}
308,36 -> {   79.000   0.000  101.000
-7575.000 104.000 5925.000
-7575.000 104.000 5925.000
}
308,39 -> {   79.000  0.000  101.000
-8181.000 99.000 6399.000
-8181.000 99.000 6399.000
}
308,42 -> {   79.000  0.000  101.000
-8686.000 95.000 6794.000
-8686.000 95.000 6794.000
}
308,45 -> {   79.000  0.000  101.000
-9191.000 91.000 7189.000
-9191.000 91.000 7189.000
}
308,45 -> {  79.000  0.000 -101.000
9191.000 91.000 7189.000
9191.000 91.000 7189.000
}
315,30 -> {   91.000   0.000   91.000
-5824.000 111.000 5824.000
-5824.000 111.000 5824.000
}
315,33 -> {   91.000   0.000   91.000
-6370.000 107.000 6370.000
-6370.000 107.000 6370.000
}
315,36 -> {   91.000   0.000   91.000
-6825.000 104.000 6825.000
-6825.000 104.000 6825.000
}
315,39 -> {   91.000  0.000   91.000
-7371.000 99.000 7371.000
-7371.000 99.000 7371.000
}
315,42 -> {   91.000  0.000   91.000
-7826.000 95.000 7826.000
-7826.000 95.000 7826.000
}
315,45 -> {   91.000  0.000   91.000
-8281.000 91.000 8281.000
-8281.000 91.000 8281.000
}
315,45 -> {  91.000  0.000  -91.000
8281.000 91.000 8281.000
8281.000 91.000 8281.000
}
322,30 -> {  101.000   0.000   79.000
-5056.000 111.000 6464.000
-5056.000 111.000 6464.000
}
322,33 -> {  101.000   0.000   79.000
-5530.000 107.000 7070.000
-5530.000 107.000 7070.000
}
322,36 -> {  101.000   0.000   79.000
-5925.000 104.000 7575.000
-5925.000 104.000 7575.000
}
322,39 -> {  101.000  0.000   79.000
-6399.000 99.000 8181.000
-6399.000 99.000 8181.000
}
322,42 -> {  101.000  0.000   79.000
-6794.000 95.000 8686.000
-6794.000 95.000 8686.000
}
322,45 -> {  101.000  0.000   79.000
-7189.000 91.000 9191.000
-7189.000 91.000 9191.000
}
322,45 -> { 101.000  0.000  -79.000
7189.000 91.000 9191.000
7189.000 91.000 9191.000
}
329,30 -> {  110.000   0.000   66.000
-4224.000 111.000 7040.000
-4224.000 111.000 7040.000
}
329,33 -> {  110.000   0.000   66.000
-4620.000 107.000 7700.000
-4620.000 107.000 7700.000
}
329,36 -> {  110.000   0.000   66.000
-4950.000 104.000 8250.000
-4950.000 104.000 8250.000
}
329,39 -> {  110.000  0.000   66.000
-5346.000 99.000 8910.000
-5346.000 99.000 8910.000
}
329,42 -> {  110.000  0.000   66.000
-5676.000 95.000 9460.000
-5676.000 95.000 9460.000
}
329,45 -> {  110.000  0.000    66.000
-6006.000 91.000 10010.000
-6006.000 91.000 10010.000
}
329,45 -> { 110.000  0.000   -66.000
6006.000 91.000 10010.000
6006.000 91.000 10010.000
}
336,30 -> {  117.000   0.000   52.000
-3328.000 111.000 7488.000
-3328.000 111.000 7488.000
}
336,33 -> {  117.000   0.000   52.000
-3640.000 107.000 8190.000
-3640.000 107.000 8190.000
}
336,36 -> {  117.000   0.000   52.000
-3900.000 104.000 8775.000
-3900.000 104.000 8775.000
}
336,39 -> {  117.000  0.000   52.000
-4212.000 99.000 9477.000
-4212.000 99.000 9477.000
}
336,42 -> {  117.000  0.000    52.000
-4472.000 95.000 10062.000
-4472.000 95.000 10062.000
}
336,45 -> {  117.000  0.000    52.000
-4732.000 91.000 10647.000
-4732.000 91.000 10647.000
}
336,45 -> { 117.000  0.000   -52.000
4732.000 91.000 10647.000
4732.000 91.000 10647.000
}
343,30 -> {  122.000   0.000   37.000
-2368.000 111.000 7808.000
-2368.000 111.000 7808.000
}
343,33 -> {  122.000   0.000   37.000
-2590.000 107.000 8540.000
-2590.000 107.000 8540.000
}
343,36 -> {  122.000   0.000   37.000
-2775.000 104.000 9150.000
-2775.000 104.000 9150.000
}
343,39 -> {  122.000  0.000   37.000
-2997.000 99.000 9882.000
-2997.000 99.000 9882.000
}
343,42 -> {  122.000  0.000    37.000
-3182.000 95.000 10492.000
-3182.000 95.000 10492.000
}
343,45 -> {  122.000  0.000    37.000
-3367.000 91.000 11102.000
-3367.000 91.000 11102.000
}
343,45 -> { 122.000  0.000   -37.000
3367.000 91.000 11102.000
3367.000 91.000 11102.000
}
350,30 -> {  126.000   0.000   22.000
-1408.000 111.000 8064.000
-1408.000 111.000 8064.000
}
350,33 -> {  126.000   0.000   22.000
-1540.000 107.000 8820.000
-1540.000 107.000 8820.000
}
350,36 -> {  126.000   0.000   22.000
-1650.000 104.000 9450.000
-1650.000 104.000 9450.000
}
350,39 -> {  126.000  0.000    22.000
-1782.000 99.000 10206.000
-1782.000 99.000 10206.000
}
350,42 -> {  126.000  0.000    22.000
-1892.000 95.000 10836.000
-1892.000 95.000 10836.000
}
350,45 -> {  126.000  0.000    22.000
-2002.000 91.000 11466.000
-2002.000 91.000 11466.000
}
350,45 -> { 126.000  0.000   -22.000
2002.000 91.000 11466.000
2002.000 91.000 11466.000
}
357,30 -> { 128.000   0.000    7.000
-448.000 111.000 8192.000
-448.000 111.000 8192.000
}
357,33 -> { 128.000   0.000    7.000
-490.000 107.000 8960.000
-490.000 107.000 8960.000
}
357,36 -> { 128.000   0.000    7.000
-525.000 104.000 9600.000
-525.000 104.000 9600.000
}
357,39 -> { 128.000  0.000     7.000
-567.000 99.000 10368.000
-567.000 99.000 10368.000
}
357,42 -> { 128.000  0.000     7.000
-602.000 95.000 11008.000
-602.000 95.000 11008.000
}
357,45 -> { 128.000  0.000     7.000
-637.000 91.000 11648.000
-637.000 91.000 11648.000
}
357,45 -> {128.000  0.000    -7.000
637.000 91.000 11648.000
637.000 91.000 11648.000
}

