0,30 -> {128.000     0.000     0.000
  0.000   111.000   -64.000
  0.000 14208.000 -8192.000
}
0,33 -> {128.000     0.000     0.000
  0.000   107.000   -70.000
  0.000 13696.000 -8960.000
}
0,36 -> {128.000     0.000     0.000
  0.000   104.000   -75.000
  0.000 13312.000 -9600.000
}
0,39 -> {128.000     0.000      0.000
  0.000    99.000    -81.000
  0.000 12672.000 -10368.000
}
0,42 -> {128.000     0.000      0.000
  0.000    95.000    -86.000
  0.000 12160.000 -11008.000
}
0,45 -> {128.000     0.000      0.000
  0.000    91.000    -91.000
  0.000 11648.000 -11648.000
}
0,45 -> {128.000     0.000      0.000
  0.000    91.000    -91.000
  0.000 11648.000 -11648.000
}
7,30 -> {127.000  1776.000 -1024.000
  0.000   111.000   -64.000
-16.000 14097.000 -8128.000
}
7,33 -> {127.000  1712.000 -1120.000
  0.000   107.000   -70.000
-16.000 13589.000 -8890.000
}
7,36 -> {127.000  1664.000 -1200.000
  0.000   104.000   -75.000
-16.000 13208.000 -9525.000
}
7,39 -> {127.000  1584.000  -1296.000
  0.000    99.000    -81.000
-16.000 12573.000 -10287.000
}
7,42 -> {127.000  1520.000  -1376.000
  0.000    95.000    -86.000
-16.000 12065.000 -10922.000
}
7,45 -> {127.000  1456.000  -1456.000
  0.000    91.000    -91.000
-16.000 11557.000 -11557.000
}
7,45 -> {127.000  1456.000  -1456.000
  0.000    91.000    -91.000
-16.000 11557.000 -11557.000
}
14,30 -> {124.000  3441.000 -1984.000
  0.000   111.000   -64.000
-31.000 13764.000 -7936.000
}
14,33 -> {124.000  3317.000 -2170.000
  0.000   107.000   -70.000
-31.000 13268.000 -8680.000
}
14,36 -> {124.000  3224.000 -2325.000
  0.000   104.000   -75.000
-31.000 12896.000 -9300.000
}
14,39 -> {124.000  3069.000  -2511.000
  0.000    99.000    -81.000
-31.000 12276.000 -10044.000
}
14,42 -> {124.000  2945.000  -2666.000
  0.000    95.000    -86.000
-31.000 11780.000 -10664.000
}
14,45 -> {124.000  2821.000  -2821.000
  0.000    91.000    -91.000
-31.000 11284.000 -11284.000
}
14,45 -> {124.000  2821.000  -2821.000
  0.000    91.000    -91.000
-31.000 11284.000 -11284.000
}
21,30 -> {119.000  5106.000 -2944.000
  0.000   111.000   -64.000
-46.000 13209.000 -7616.000
}
21,33 -> {119.000  4922.000 -3220.000
  0.000   107.000   -70.000
-46.000 12733.000 -8330.000
}
21,36 -> {119.000  4784.000 -3450.000
  0.000   104.000   -75.000
-46.000 12376.000 -8925.000
}
21,39 -> {119.000  4554.000 -3726.000
  0.000    99.000   -81.000
-46.000 11781.000 -9639.000
}
21,42 -> {119.000  4370.000  -3956.000
  0.000    95.000    -86.000
-46.000 11305.000 -10234.000
}
21,45 -> {119.000  4186.000  -4186.000
  0.000    91.000    -91.000
-46.000 10829.000 -10829.000
}
21,45 -> {119.000  4186.000  -4186.000
  0.000    91.000    -91.000
-46.000 10829.000 -10829.000
}
28,30 -> {113.000  6660.000 -3840.000
  0.000   111.000   -64.000
-60.000 12543.000 -7232.000
}
28,33 -> {113.000  6420.000 -4200.000
  0.000   107.000   -70.000
-60.000 12091.000 -7910.000
}
28,36 -> {113.000  6240.000 -4500.000
  0.000   104.000   -75.000
-60.000 11752.000 -8475.000
}
28,39 -> {113.000  5940.000 -4860.000
  0.000    99.000   -81.000
-60.000 11187.000 -9153.000
}
28,42 -> {113.000  5700.000 -5160.000
  0.000    95.000   -86.000
-60.000 10735.000 -9718.000
}
28,45 -> {113.000  5460.000  -5460.000
  0.000    91.000    -91.000
-60.000 10283.000 -10283.000
}
28,45 -> {113.000  5460.000  -5460.000
  0.000    91.000    -91.000
-60.000 10283.000 -10283.000
}
35,30 -> {105.000  8103.000 -4672.000
  0.000   111.000   -64.000
-73.000 11655.000 -6720.000
}
35,33 -> {105.000  7811.000 -5110.000
  0.000   107.000   -70.000
-73.000 11235.000 -7350.000
}
35,36 -> {105.000  7592.000 -5475.000
  0.000   104.000   -75.000
-73.000 10920.000 -7875.000
}
35,39 -> {105.000  7227.000 -5913.000
  0.000    99.000   -81.000
-73.000 10395.000 -8505.000
}
35,42 -> {105.000 6935.000 -6278.000
  0.000   95.000   -86.000
-73.000 9975.000 -9030.000
}
35,45 -> {105.000 6643.000 -6643.000
  0.000   91.000   -91.000
-73.000 9555.000 -9555.000
}
35,45 -> {105.000 6643.000 -6643.000
  0.000   91.000   -91.000
-73.000 9555.000 -9555.000
}
42,30 -> { 95.000  9546.000 -5504.000
  0.000   111.000   -64.000
-86.000 10545.000 -6080.000
}
42,33 -> { 95.000  9202.000 -6020.000
  0.000   107.000   -70.000
-86.000 10165.000 -6650.000
}
42,36 -> { 95.000 8944.000 -6450.000
  0.000  104.000   -75.000
-86.000 9880.000 -7125.000
}
42,39 -> { 95.000 8514.000 -6966.000
  0.000   99.000   -81.000
-86.000 9405.000 -7695.000
}
42,42 -> { 95.000 8170.000 -7396.000
  0.000   95.000   -86.000
-86.000 9025.000 -8170.000
}
42,45 -> { 95.000 7826.000 -7826.000
  0.000   91.000   -91.000
-86.000 8645.000 -8645.000
}
42,45 -> { 95.000 7826.000 -7826.000
  0.000   91.000   -91.000
-86.000 8645.000 -8645.000
}
49,30 -> { 84.000 10767.000 -6208.000
  0.000   111.000   -64.000
-97.000  9324.000 -5376.000
}
49,33 -> { 84.000 10379.000 -6790.000
  0.000   107.000   -70.000
-97.000  8988.000 -5880.000
}
49,36 -> { 84.000 10088.000 -7275.000
  0.000   104.000   -75.000
-97.000  8736.000 -6300.000
}
49,39 -> { 84.000 9603.000 -7857.000
  0.000   99.000   -81.000
-97.000 8316.000 -6804.000
}
49,42 -> { 84.000 9215.000 -8342.000
  0.000   95.000   -86.000
-97.000 7980.000 -7224.000
}
49,45 -> { 84.000 8827.000 -8827.000
  0.000   91.000   -91.000
-97.000 7644.000 -7644.000
}
49,45 -> { 84.000 8827.000 -8827.000
  0.000   91.000   -91.000
-97.000 7644.000 -7644.000
}
56,30 -> {  72.000 11766.000 -6784.000
   0.000   111.000   -64.000
-106.000  7992.000 -4608.000
}
56,33 -> {  72.000 11342.000 -7420.000
   0.000   107.000   -70.000
-106.000  7704.000 -5040.000
}
56,36 -> {  72.000 11024.000 -7950.000
   0.000   104.000   -75.000
-106.000  7488.000 -5400.000
}
56,39 -> {  72.000 10494.000 -8586.000
   0.000    99.000   -81.000
-106.000  7128.000 -5832.000
}
56,42 -> {  72.000 10070.000 -9116.000
   0.000    95.000   -86.000
-106.000  6840.000 -6192.000
}
56,45 -> {  72.000 9646.000 -9646.000
   0.000   91.000   -91.000
-106.000 6552.000 -6552.000
}
56,45 -> {  72.000 9646.000 -9646.000
   0.000   91.000   -91.000
-106.000 6552.000 -6552.000
}
63,30 -> {  58.000 12654.000 -7296.000
   0.000   111.000   -64.000
-114.000  6438.000 -3712.000
}
63,33 -> {  58.000 12198.000 -7980.000
   0.000   107.000   -70.000
-114.000  6206.000 -4060.000
}
63,36 -> {  58.000 11856.000 -8550.000
   0.000   104.000   -75.000
-114.000  6032.000 -4350.000
}
63,39 -> {  58.000 11286.000 -9234.000
   0.000    99.000   -81.000
-114.000  5742.000 -4698.000
}
63,42 -> {  58.000 10830.000 -9804.000
   0.000    95.000   -86.000
-114.000  5510.000 -4988.000
}
63,45 -> {  58.000 10374.000 -10374.000
   0.000    91.000    -91.000
-114.000  5278.000  -5278.000
}
63,45 -> {  58.000 10374.000 -10374.000
   0.000    91.000    -91.000
-114.000  5278.000  -5278.000
}
70,30 -> {  44.000 13320.000 -7680.000
   0.000   111.000   -64.000
-120.000  4884.000 -2816.000
}
70,33 -> {  44.000 12840.000 -8400.000
   0.000   107.000   -70.000
-120.000  4708.000 -3080.000
}
70,36 -> {  44.000 12480.000 -9000.000
   0.000   104.000   -75.000
-120.000  4576.000 -3300.000
}
70,39 -> {  44.000 11880.000 -9720.000
   0.000    99.000   -81.000
-120.000  4356.000 -3564.000
}
70,42 -> {  44.000 11400.000 -10320.000
   0.000    95.000    -86.000
-120.000  4180.000  -3784.000
}
70,45 -> {  44.000 10920.000 -10920.000
   0.000    91.000    -91.000
-120.000  4004.000  -4004.000
}
70,45 -> {  44.000 10920.000 -10920.000
   0.000    91.000    -91.000
-120.000  4004.000  -4004.000
}
77,30 -> {  29.000 13875.000 -8000.000
   0.000   111.000   -64.000
-125.000  3219.000 -1856.000
}
77,33 -> {  29.000 13375.000 -8750.000
   0.000   107.000   -70.000
-125.000  3103.000 -2030.000
}
77,36 -> {  29.000 13000.000 -9375.000
   0.000   104.000   -75.000
-125.000  3016.000 -2175.000
}
77,39 -> {  29.000 12375.000 -10125.000
   0.000    99.000    -81.000
-125.000  2871.000  -2349.000
}
77,42 -> {  29.000 11875.000 -10750.000
   0.000    95.000    -86.000
-125.000  2755.000  -2494.000
}
77,45 -> {  29.000 11375.000 -11375.000
   0.000    91.000    -91.000
-125.000  2639.000  -2639.000
}
77,45 -> {  29.000 11375.000 -11375.000
   0.000    91.000    -91.000
-125.000  2639.000  -2639.000
}
84,30 -> {  13.000 14097.000 -8128.000
   0.000   111.000   -64.000
-127.000  1443.000  -832.000
}
84,33 -> {  13.000 13589.000 -8890.000
   0.000   107.000   -70.000
-127.000  1391.000  -910.000
}
84,36 -> {  13.000 13208.000 -9525.000
   0.000   104.000   -75.000
-127.000  1352.000  -975.000
}
84,39 -> {  13.000 12573.000 -10287.000
   0.000    99.000    -81.000
-127.000  1287.000  -1053.000
}
84,42 -> {  13.000 12065.000 -10922.000
   0.000    95.000    -86.000
-127.000  1235.000  -1118.000
}
84,45 -> {  13.000 11557.000 -11557.000
   0.000    91.000    -91.000
-127.000  1183.000  -1183.000
}
84,45 -> {  13.000 11557.000 -11557.000
   0.000    91.000    -91.000
-127.000  1183.000  -1183.000
}
91,30 -> {  -2.000 14208.000 -8192.000
   0.000   111.000   -64.000
-128.000  -222.000   128.000
}
91,33 -> {  -2.000 13696.000 -8960.000
   0.000   107.000   -70.000
-128.000  -214.000   140.000
}
91,36 -> {  -2.000 13312.000 -9600.000
   0.000   104.000   -75.000
-128.000  -208.000   150.000
}
91,39 -> {  -2.000 12672.000 -10368.000
   0.000    99.000    -81.000
-128.000  -198.000    162.000
}
91,42 -> {  -2.000 12160.000 -11008.000
   0.000    95.000    -86.000
-128.000  -190.000    172.000
}
91,45 -> {  -2.000 11648.000 -11648.000
   0.000    91.000    -91.000
-128.000  -182.000    182.000
}
91,45 -> {  -2.000 11648.000 -11648.000
   0.000    91.000    -91.000
-128.000  -182.000    182.000
}
98,30 -> { -18.000 14097.000 -8128.000
   0.000   111.000   -64.000
-127.000 -1998.000  1152.000
}
98,33 -> { -18.000 13589.000 -8890.000
   0.000   107.000   -70.000
-127.000 -1926.000  1260.000
}
98,36 -> { -18.000 13208.000 -9525.000
   0.000   104.000   -75.000
-127.000 -1872.000  1350.000
}
98,39 -> { -18.000 12573.000 -10287.000
   0.000    99.000    -81.000
-127.000 -1782.000   1458.000
}
98,42 -> { -18.000 12065.000 -10922.000
   0.000    95.000    -86.000
-127.000 -1710.000   1548.000
}
98,45 -> { -18.000 11557.000 -11557.000
   0.000    91.000    -91.000
-127.000 -1638.000   1638.000
}
98,45 -> { -18.000 11557.000 -11557.000
   0.000    91.000    -91.000
-127.000 -1638.000   1638.000
}
105,30 -> { -33.000 13764.000 -7936.000
   0.000   111.000   -64.000
-124.000 -3663.000  2112.000
}
105,33 -> { -33.000 13268.000 -8680.000
   0.000   107.000   -70.000
-124.000 -3531.000  2310.000
}
105,36 -> { -33.000 12896.000 -9300.000
   0.000   104.000   -75.000
-124.000 -3432.000  2475.000
}
105,39 -> { -33.000 12276.000 -10044.000
   0.000    99.000    -81.000
-124.000 -3267.000   2673.000
}
105,42 -> { -33.000 11780.000 -10664.000
   0.000    95.000    -86.000
-124.000 -3135.000   2838.000
}
105,45 -> { -33.000 11284.000 -11284.000
   0.000    91.000    -91.000
-124.000 -3003.000   3003.000
}
105,45 -> { -33.000 11284.000 -11284.000
   0.000    91.000    -91.000
-124.000 -3003.000   3003.000
}
112,30 -> { -48.000 13209.000 -7616.000
   0.000   111.000   -64.000
-119.000 -5328.000  3072.000
}
112,33 -> { -48.000 12733.000 -8330.000
   0.000   107.000   -70.000
-119.000 -5136.000  3360.000
}
112,36 -> { -48.000 12376.000 -8925.000
   0.000   104.000   -75.000
-119.000 -4992.000  3600.000
}
112,39 -> { -48.000 11781.000 -9639.000
   0.000    99.000   -81.000
-119.000 -4752.000  3888.000
}
112,42 -> { -48.000 11305.000 -10234.000
   0.000    95.000    -86.000
-119.000 -4560.000   4128.000
}
112,45 -> { -48.000 10829.000 -10829.000
   0.000    91.000    -91.000
-119.000 -4368.000   4368.000
}
112,45 -> { -48.000 10829.000 -10829.000
   0.000    91.000    -91.000
-119.000 -4368.000   4368.000
}
119,30 -> { -62.000 12432.000 -7168.000
   0.000   111.000   -64.000
-112.000 -6882.000  3968.000
}
119,33 -> { -62.000 11984.000 -7840.000
   0.000   107.000   -70.000
-112.000 -6634.000  4340.000
}
119,36 -> { -62.000 11648.000 -8400.000
   0.000   104.000   -75.000
-112.000 -6448.000  4650.000
}
119,39 -> { -62.000 11088.000 -9072.000
   0.000    99.000   -81.000
-112.000 -6138.000  5022.000
}
119,42 -> { -62.000 10640.000 -9632.000
   0.000    95.000   -86.000
-112.000 -5890.000  5332.000
}
119,45 -> { -62.000 10192.000 -10192.000
   0.000    91.000    -91.000
-112.000 -5642.000   5642.000
}
119,45 -> { -62.000 10192.000 -10192.000
   0.000    91.000    -91.000
-112.000 -5642.000   5642.000
}
126,30 -> { -75.000 11544.000 -6656.000
   0.000   111.000   -64.000
-104.000 -8325.000  4800.000
}
126,33 -> { -75.000 11128.000 -7280.000
   0.000   107.000   -70.000
-104.000 -8025.000  5250.000
}
126,36 -> { -75.000 10816.000 -7800.000
   0.000   104.000   -75.000
-104.000 -7800.000  5625.000
}
126,39 -> { -75.000 10296.000 -8424.000
   0.000    99.000   -81.000
-104.000 -7425.000  6075.000
}
126,42 -> { -75.000  9880.000 -8944.000
   0.000    95.000   -86.000
-104.000 -7125.000  6450.000
}
126,45 -> { -75.000  9464.000 -9464.000
   0.000    91.000   -91.000
-104.000 -6825.000  6825.000
}
126,45 -> { -75.000  9464.000 -9464.000
   0.000    91.000   -91.000
-104.000 -6825.000  6825.000
}
133,30 -> {-87.000 10434.000 -6016.000
  0.000   111.000   -64.000
-94.000 -9657.000  5568.000
}
133,33 -> {-87.000 10058.000 -6580.000
  0.000   107.000   -70.000
-94.000 -9309.000  6090.000
}
133,36 -> {-87.000  9776.000 -7050.000
  0.000   104.000   -75.000
-94.000 -9048.000  6525.000
}
133,39 -> {-87.000  9306.000 -7614.000
  0.000    99.000   -81.000
-94.000 -8613.000  7047.000
}
133,42 -> {-87.000  8930.000 -8084.000
  0.000    95.000   -86.000
-94.000 -8265.000  7482.000
}
133,45 -> {-87.000  8554.000 -8554.000
  0.000    91.000   -91.000
-94.000 -7917.000  7917.000
}
133,45 -> {-87.000  8554.000 -8554.000
  0.000    91.000   -91.000
-94.000 -7917.000  7917.000
}
140,30 -> {-98.000   9102.000 -5248.000
  0.000    111.000   -64.000
-82.000 -10878.000  6272.000
}
140,33 -> {-98.000   8774.000 -5740.000
  0.000    107.000   -70.000
-82.000 -10486.000  6860.000
}
140,36 -> {-98.000   8528.000 -6150.000
  0.000    104.000   -75.000
-82.000 -10192.000  7350.000
}
140,39 -> {-98.000  8118.000 -6642.000
  0.000    99.000   -81.000
-82.000 -9702.000  7938.000
}
140,42 -> {-98.000  7790.000 -7052.000
  0.000    95.000   -86.000
-82.000 -9310.000  8428.000
}
140,45 -> {-98.000  7462.000 -7462.000
  0.000    91.000   -91.000
-82.000 -8918.000  8918.000
}
140,45 -> {-98.000  7462.000 -7462.000
  0.000    91.000   -91.000
-82.000 -8918.000  8918.000
}
147,30 -> {-107.000   7770.000 -4480.000
   0.000    111.000   -64.000
 -70.000 -11877.000  6848.000
}
147,33 -> {-107.000   7490.000 -4900.000
   0.000    107.000   -70.000
 -70.000 -11449.000  7490.000
}
147,36 -> {-107.000   7280.000 -5250.000
   0.000    104.000   -75.000
 -70.000 -11128.000  8025.000
}
147,39 -> {-107.000   6930.000 -5670.000
   0.000     99.000   -81.000
 -70.000 -10593.000  8667.000
}
147,42 -> {-107.000   6650.000 -6020.000
   0.000     95.000   -86.000
 -70.000 -10165.000  9202.000
}
147,45 -> {-107.000  6370.000 -6370.000
   0.000    91.000   -91.000
 -70.000 -9737.000  9737.000
}
147,45 -> {-107.000  6370.000 -6370.000
   0.000    91.000   -91.000
 -70.000 -9737.000  9737.000
}
154,30 -> {-115.000   6216.000 -3584.000
   0.000    111.000   -64.000
 -56.000 -12765.000  7360.000
}
154,33 -> {-115.000   5992.000 -3920.000
   0.000    107.000   -70.000
 -56.000 -12305.000  8050.000
}
154,36 -> {-115.000   5824.000 -4200.000
   0.000    104.000   -75.000
 -56.000 -11960.000  8625.000
}
154,39 -> {-115.000   5544.000 -4536.000
   0.000     99.000   -81.000
 -56.000 -11385.000  9315.000
}
154,42 -> {-115.000   5320.000 -4816.000
   0.000     95.000   -86.000
 -56.000 -10925.000  9890.000
}
154,45 -> {-115.000   5096.000 -5096.000
   0.000     91.000   -91.000
 -56.000 -10465.000 10465.000
}
154,45 -> {-115.000   5096.000 -5096.000
   0.000     91.000   -91.000
 -56.000 -10465.000 10465.000
}
161,30 -> {-121.000   4662.000 -2688.000
   0.000    111.000   -64.000
 -42.000 -13431.000  7744.000
}
161,33 -> {-121.000   4494.000 -2940.000
   0.000    107.000   -70.000
 -42.000 -12947.000  8470.000
}
161,36 -> {-121.000   4368.000 -3150.000
   0.000    104.000   -75.000
 -42.000 -12584.000  9075.000
}
161,39 -> {-121.000   4158.000 -3402.000
   0.000     99.000   -81.000
 -42.000 -11979.000  9801.000
}
161,42 -> {-121.000   3990.000 -3612.000
   0.000     95.000   -86.000
 -42.000 -11495.000 10406.000
}
161,45 -> {-121.000   3822.000 -3822.000
   0.000     91.000   -91.000
 -42.000 -11011.000 11011.000
}
161,45 -> {-121.000   3822.000 -3822.000
   0.000     91.000   -91.000
 -42.000 -11011.000 11011.000
}
168,30 -> {-125.000   2997.000 -1728.000
   0.000    111.000   -64.000
 -27.000 -13875.000  8000.000
}
168,33 -> {-125.000   2889.000 -1890.000
   0.000    107.000   -70.000
 -27.000 -13375.000  8750.000
}
168,36 -> {-125.000   2808.000 -2025.000
   0.000    104.000   -75.000
 -27.000 -13000.000  9375.000
}
168,39 -> {-125.000   2673.000 -2187.000
   0.000     99.000   -81.000
 -27.000 -12375.000 10125.000
}
168,42 -> {-125.000   2565.000 -2322.000
   0.000     95.000   -86.000
 -27.000 -11875.000 10750.000
}
168,45 -> {-125.000   2457.000 -2457.000
   0.000     91.000   -91.000
 -27.000 -11375.000 11375.000
}
168,45 -> {-125.000   2457.000 -2457.000
   0.000     91.000   -91.000
 -27.000 -11375.000 11375.000
}
175,30 -> {-128.000   1221.000 -704.000
   0.000    111.000  -64.000
 -11.000 -14208.000 8192.000
}
175,33 -> {-128.000   1177.000 -770.000
   0.000    107.000  -70.000
 -11.000 -13696.000 8960.000
}
175,36 -> {-128.000   1144.000 -825.000
   0.000    104.000  -75.000
 -11.000 -13312.000 9600.000
}
175,39 -> {-128.000   1089.000  -891.000
   0.000     99.000   -81.000
 -11.000 -12672.000 10368.000
}
175,42 -> {-128.000   1045.000  -946.000
   0.000     95.000   -86.000
 -11.000 -12160.000 11008.000
}
175,45 -> {-128.000   1001.000 -1001.000
   0.000     91.000   -91.000
 -11.000 -11648.000 11648.000
}
175,45 -> {-128.000   1001.000 -1001.000
   0.000     91.000   -91.000
 -11.000 -11648.000 11648.000
}
182,30 -> {-128.000   -444.000  256.000
   0.000    111.000  -64.000
   4.000 -14208.000 8192.000
}
182,33 -> {-128.000   -428.000  280.000
   0.000    107.000  -70.000
   4.000 -13696.000 8960.000
}
182,36 -> {-128.000   -416.000  300.000
   0.000    104.000  -75.000
   4.000 -13312.000 9600.000
}
182,39 -> {-128.000   -396.000   324.000
   0.000     99.000   -81.000
   4.000 -12672.000 10368.000
}
182,42 -> {-128.000   -380.000   344.000
   0.000     95.000   -86.000
   4.000 -12160.000 11008.000
}
182,45 -> {-128.000   -364.000   364.000
   0.000     91.000   -91.000
   4.000 -11648.000 11648.000
}
182,45 -> {-128.000   -364.000   364.000
   0.000     91.000   -91.000
   4.000 -11648.000 11648.000
}
189,30 -> {-126.000  -2220.000 1280.000
   0.000    111.000  -64.000
  20.000 -13986.000 8064.000
}
189,33 -> {-126.000  -2140.000 1400.000
   0.000    107.000  -70.000
  20.000 -13482.000 8820.000
}
189,36 -> {-126.000  -2080.000 1500.000
   0.000    104.000  -75.000
  20.000 -13104.000 9450.000
}
189,39 -> {-126.000  -1980.000  1620.000
   0.000     99.000   -81.000
  20.000 -12474.000 10206.000
}
189,42 -> {-126.000  -1900.000  1720.000
   0.000     95.000   -86.000
  20.000 -11970.000 10836.000
}
189,45 -> {-126.000  -1820.000  1820.000
   0.000     91.000   -91.000
  20.000 -11466.000 11466.000
}
189,45 -> {-126.000  -1820.000  1820.000
   0.000     91.000   -91.000
  20.000 -11466.000 11466.000
}
196,30 -> {-123.000  -3885.000 2240.000
   0.000    111.000  -64.000
  35.000 -13653.000 7872.000
}
196,33 -> {-123.000  -3745.000 2450.000
   0.000    107.000  -70.000
  35.000 -13161.000 8610.000
}
196,36 -> {-123.000  -3640.000 2625.000
   0.000    104.000  -75.000
  35.000 -12792.000 9225.000
}
196,39 -> {-123.000  -3465.000 2835.000
   0.000     99.000  -81.000
  35.000 -12177.000 9963.000
}
196,42 -> {-123.000  -3325.000  3010.000
   0.000     95.000   -86.000
  35.000 -11685.000 10578.000
}
196,45 -> {-123.000  -3185.000  3185.000
   0.000     91.000   -91.000
  35.000 -11193.000 11193.000
}
196,45 -> {-123.000  -3185.000  3185.000
   0.000     91.000   -91.000
  35.000 -11193.000 11193.000
}
203,30 -> {-118.000  -5550.000 3200.000
   0.000    111.000  -64.000
  50.000 -13098.000 7552.000
}
203,33 -> {-118.000  -5350.000 3500.000
   0.000    107.000  -70.000
  50.000 -12626.000 8260.000
}
203,36 -> {-118.000  -5200.000 3750.000
   0.000    104.000  -75.000
  50.000 -12272.000 8850.000
}
203,39 -> {-118.000  -4950.000 4050.000
   0.000     99.000  -81.000
  50.000 -11682.000 9558.000
}
203,42 -> {-118.000  -4750.000  4300.000
   0.000     95.000   -86.000
  50.000 -11210.000 10148.000
}
203,45 -> {-118.000  -4550.000  4550.000
   0.000     91.000   -91.000
  50.000 -10738.000 10738.000
}
203,45 -> {-118.000  -4550.000  4550.000
   0.000     91.000   -91.000
  50.000 -10738.000 10738.000
}
210,30 -> {-111.000  -7104.000 4096.000
   0.000    111.000  -64.000
  64.000 -12321.000 7104.000
}
210,33 -> {-111.000  -6848.000 4480.000
   0.000    107.000  -70.000
  64.000 -11877.000 7770.000
}
210,36 -> {-111.000  -6656.000 4800.000
   0.000    104.000  -75.000
  64.000 -11544.000 8325.000
}
210,39 -> {-111.000  -6336.000 5184.000
   0.000     99.000  -81.000
  64.000 -10989.000 8991.000
}
210,42 -> {-111.000  -6080.000 5504.000
   0.000     95.000  -86.000
  64.000 -10545.000 9546.000
}
210,45 -> {-111.000  -5824.000  5824.000
   0.000     91.000   -91.000
  64.000 -10101.000 10101.000
}
210,45 -> {-111.000  -5824.000  5824.000
   0.000     91.000   -91.000
  64.000 -10101.000 10101.000
}
217,30 -> {-102.000  -8547.000 4928.000
   0.000    111.000  -64.000
  77.000 -11322.000 6528.000
}
217,33 -> {-102.000  -8239.000 5390.000
   0.000    107.000  -70.000
  77.000 -10914.000 7140.000
}
217,36 -> {-102.000  -8008.000 5775.000
   0.000    104.000  -75.000
  77.000 -10608.000 7650.000
}
217,39 -> {-102.000  -7623.000 6237.000
   0.000     99.000  -81.000
  77.000 -10098.000 8262.000
}
217,42 -> {-102.000 -7315.000 6622.000
   0.000    95.000  -86.000
  77.000 -9690.000 8772.000
}
217,45 -> {-102.000 -7007.000 7007.000
   0.000    91.000  -91.000
  77.000 -9282.000 9282.000
}
217,45 -> {-102.000 -7007.000 7007.000
   0.000    91.000  -91.000
  77.000 -9282.000 9282.000
}
224,30 -> {-92.000  -9879.000 5696.000
  0.000    111.000  -64.000
 89.000 -10212.000 5888.000
}
224,33 -> {-92.000 -9523.000 6230.000
  0.000   107.000  -70.000
 89.000 -9844.000 6440.000
}
224,36 -> {-92.000 -9256.000 6675.000
  0.000   104.000  -75.000
 89.000 -9568.000 6900.000
}
224,39 -> {-92.000 -8811.000 7209.000
  0.000    99.000  -81.000
 89.000 -9108.000 7452.000
}
224,42 -> {-92.000 -8455.000 7654.000
  0.000    95.000  -86.000
 89.000 -8740.000 7912.000
}
224,45 -> {-92.000 -8099.000 8099.000
  0.000    91.000  -91.000
 89.000 -8372.000 8372.000
}
224,45 -> {-92.000 -8099.000 8099.000
  0.000    91.000  -91.000
 89.000 -8372.000 8372.000
}
231,30 -> {-81.000 -10989.000 6336.000
  0.000    111.000  -64.000
 99.000  -8991.000 5184.000
}
231,33 -> {-81.000 -10593.000 6930.000
  0.000    107.000  -70.000
 99.000  -8667.000 5670.000
}
231,36 -> {-81.000 -10296.000 7425.000
  0.000    104.000  -75.000
 99.000  -8424.000 6075.000
}
231,39 -> {-81.000 -9801.000 8019.000
  0.000    99.000  -81.000
 99.000 -8019.000 6561.000
}
231,42 -> {-81.000 -9405.000 8514.000
  0.000    95.000  -86.000
 99.000 -7695.000 6966.000
}
231,45 -> {-81.000 -9009.000 9009.000
  0.000    91.000  -91.000
 99.000 -7371.000 7371.000
}
231,45 -> {-81.000 -9009.000 9009.000
  0.000    91.000  -91.000
 99.000 -7371.000 7371.000
}
238,30 -> {-68.000 -12099.000 6976.000
  0.000    111.000  -64.000
109.000  -7548.000 4352.000
}
238,33 -> {-68.000 -11663.000 7630.000
  0.000    107.000  -70.000
109.000  -7276.000 4760.000
}
238,36 -> {-68.000 -11336.000 8175.000
  0.000    104.000  -75.000
109.000  -7072.000 5100.000
}
238,39 -> {-68.000 -10791.000 8829.000
  0.000     99.000  -81.000
109.000  -6732.000 5508.000
}
238,42 -> {-68.000 -10355.000 9374.000
  0.000     95.000  -86.000
109.000  -6460.000 5848.000
}
238,45 -> {-68.000 -9919.000 9919.000
  0.000    91.000  -91.000
109.000 -6188.000 6188.000
}
238,45 -> {-68.000 -9919.000 9919.000
  0.000    91.000  -91.000
109.000 -6188.000 6188.000
}
245,30 -> {-54.000 -12876.000 7424.000
  0.000    111.000  -64.000
116.000  -5994.000 3456.000
}
245,33 -> {-54.000 -12412.000 8120.000
  0.000    107.000  -70.000
116.000  -5778.000 3780.000
}
245,36 -> {-54.000 -12064.000 8700.000
  0.000    104.000  -75.000
116.000  -5616.000 4050.000
}
245,39 -> {-54.000 -11484.000 9396.000
  0.000     99.000  -81.000
116.000  -5346.000 4374.000
}
245,42 -> {-54.000 -11020.000 9976.000
  0.000     95.000  -86.000
116.000  -5130.000 4644.000
}
245,45 -> {-54.000 -10556.000 10556.000
  0.000     91.000   -91.000
116.000  -4914.000  4914.000
}
245,45 -> {-54.000 -10556.000 10556.000
  0.000     91.000   -91.000
116.000  -4914.000  4914.000
}
252,30 -> {-40.000 -13542.000 7808.000
  0.000    111.000  -64.000
122.000  -4440.000 2560.000
}
252,33 -> {-40.000 -13054.000 8540.000
  0.000    107.000  -70.000
122.000  -4280.000 2800.000
}
252,36 -> {-40.000 -12688.000 9150.000
  0.000    104.000  -75.000
122.000  -4160.000 3000.000
}
252,39 -> {-40.000 -12078.000 9882.000
  0.000     99.000  -81.000
122.000  -3960.000 3240.000
}
252,42 -> {-40.000 -11590.000 10492.000
  0.000     95.000   -86.000
122.000  -3800.000  3440.000
}
252,45 -> {-40.000 -11102.000 11102.000
  0.000     91.000   -91.000
122.000  -3640.000  3640.000
}
252,45 -> {-40.000 -11102.000 11102.000
  0.000     91.000   -91.000
122.000  -3640.000  3640.000
}
259,30 -> {-24.000 -13986.000 8064.000
  0.000    111.000  -64.000
126.000  -2664.000 1536.000
}
259,33 -> {-24.000 -13482.000 8820.000
  0.000    107.000  -70.000
126.000  -2568.000 1680.000
}
259,36 -> {-24.000 -13104.000 9450.000
  0.000    104.000  -75.000
126.000  -2496.000 1800.000
}
259,39 -> {-24.000 -12474.000 10206.000
  0.000     99.000   -81.000
126.000  -2376.000  1944.000
}
259,42 -> {-24.000 -11970.000 10836.000
  0.000     95.000   -86.000
126.000  -2280.000  2064.000
}
259,45 -> {-24.000 -11466.000 11466.000
  0.000     91.000   -91.000
126.000  -2184.000  2184.000
}
259,45 -> {-24.000 -11466.000 11466.000
  0.000     91.000   -91.000
126.000  -2184.000  2184.000
}
266,30 -> { -9.000 -14208.000 8192.000
  0.000    111.000  -64.000
128.000   -999.000  576.000
}
266,33 -> { -9.000 -13696.000 8960.000
  0.000    107.000  -70.000
128.000   -963.000  630.000
}
266,36 -> { -9.000 -13312.000 9600.000
  0.000    104.000  -75.000
128.000   -936.000  675.000
}
266,39 -> { -9.000 -12672.000 10368.000
  0.000     99.000   -81.000
128.000   -891.000   729.000
}
266,42 -> { -9.000 -12160.000 11008.000
  0.000     95.000   -86.000
128.000   -855.000   774.000
}
266,45 -> { -9.000 -11648.000 11648.000
  0.000     91.000   -91.000
128.000   -819.000   819.000
}
266,45 -> { -9.000 -11648.000 11648.000
  0.000     91.000   -91.000
128.000   -819.000   819.000
}
273,30 -> {  7.000 -14208.000 8192.000
  0.000    111.000  -64.000
128.000    777.000 -448.000
}
273,33 -> {  7.000 -13696.000 8960.000
  0.000    107.000  -70.000
128.000    749.000 -490.000
}
273,36 -> {  7.000 -13312.000 9600.000
  0.000    104.000  -75.000
128.000    728.000 -525.000
}
273,39 -> {  7.000 -12672.000 10368.000
  0.000     99.000   -81.000
128.000    693.000  -567.000
}
273,42 -> {  7.000 -12160.000 11008.000
  0.000     95.000   -86.000
128.000    665.000  -602.000
}
273,45 -> {  7.000 -11648.000 11648.000
  0.000     91.000   -91.000
128.000    637.000  -637.000
}
273,45 -> {  7.000 -11648.000 11648.000
  0.000     91.000   -91.000
128.000    637.000  -637.000
}
280,30 -> { 22.000 -13986.000  8064.000
  0.000    111.000   -64.000
126.000   2442.000 -1408.000
}
280,33 -> { 22.000 -13482.000  8820.000
  0.000    107.000   -70.000
126.000   2354.000 -1540.000
}
280,36 -> { 22.000 -13104.000  9450.000
  0.000    104.000   -75.000
126.000   2288.000 -1650.000
}
280,39 -> { 22.000 -12474.000 10206.000
  0.000     99.000   -81.000
126.000   2178.000 -1782.000
}
280,42 -> { 22.000 -11970.000 10836.000
  0.000     95.000   -86.000
126.000   2090.000 -1892.000
}
280,45 -> { 22.000 -11466.000 11466.000
  0.000     91.000   -91.000
126.000   2002.000 -2002.000
}
280,45 -> { 22.000 -11466.000 11466.000
  0.000     91.000   -91.000
126.000   2002.000 -2002.000
}
287,30 -> { 37.000 -13542.000  7808.000
  0.000    111.000   -64.000
122.000   4107.000 -2368.000
}
287,33 -> { 37.000 -13054.000  8540.000
  0.000    107.000   -70.000
122.000   3959.000 -2590.000
}
287,36 -> { 37.000 -12688.000  9150.000
  0.000    104.000   -75.000
122.000   3848.000 -2775.000
}
287,39 -> { 37.000 -12078.000  9882.000
  0.000     99.000   -81.000
122.000   3663.000 -2997.000
}
287,42 -> { 37.000 -11590.000 10492.000
  0.000     95.000   -86.000
122.000   3515.000 -3182.000
}
287,45 -> { 37.000 -11102.000 11102.000
  0.000     91.000   -91.000
122.000   3367.000 -3367.000
}
287,45 -> { 37.000 -11102.000 11102.000
  0.000     91.000   -91.000
122.000   3367.000 -3367.000
}
294,30 -> { 52.000 -12987.000  7488.000
  0.000    111.000   -64.000
117.000   5772.000 -3328.000
}
294,33 -> { 52.000 -12519.000  8190.000
  0.000    107.000   -70.000
117.000   5564.000 -3640.000
}
294,36 -> { 52.000 -12168.000  8775.000
  0.000    104.000   -75.000
117.000   5408.000 -3900.000
}
294,39 -> { 52.000 -11583.000  9477.000
  0.000     99.000   -81.000
117.000   5148.000 -4212.000
}
294,42 -> { 52.000 -11115.000 10062.000
  0.000     95.000   -86.000
117.000   4940.000 -4472.000
}
294,45 -> { 52.000 -10647.000 10647.000
  0.000     91.000   -91.000
117.000   4732.000 -4732.000
}
294,45 -> { 52.000 -10647.000 10647.000
  0.000     91.000   -91.000
117.000   4732.000 -4732.000
}
301,30 -> { 66.000 -12210.000  7040.000
  0.000    111.000   -64.000
110.000   7326.000 -4224.000
}
301,33 -> { 66.000 -11770.000  7700.000
  0.000    107.000   -70.000
110.000   7062.000 -4620.000
}
301,36 -> { 66.000 -11440.000  8250.000
  0.000    104.000   -75.000
110.000   6864.000 -4950.000
}
301,39 -> { 66.000 -10890.000  8910.000
  0.000     99.000   -81.000
110.000   6534.000 -5346.000
}
301,42 -> { 66.000 -10450.000  9460.000
  0.000     95.000   -86.000
110.000   6270.000 -5676.000
}
301,45 -> { 66.000 -10010.000 10010.000
  0.000     91.000   -91.000
110.000   6006.000 -6006.000
}
301,45 -> { 66.000 -10010.000 10010.000
  0.000     91.000   -91.000
110.000   6006.000 -6006.000
}
308,30 -> { 79.000 -11211.000  6464.000
  0.000    111.000   -64.000
101.000   8769.000 -5056.000
}
308,33 -> { 79.000 -10807.000  7070.000
  0.000    107.000   -70.000
101.000   8453.000 -5530.000
}
308,36 -> { 79.000 -10504.000  7575.000
  0.000    104.000   -75.000
101.000   8216.000 -5925.000
}
308,39 -> { 79.000 -9999.000  8181.000
  0.000    99.000   -81.000
101.000  7821.000 -6399.000
}
308,42 -> { 79.000 -9595.000  8686.000
  0.000    95.000   -86.000
101.000  7505.000 -6794.000
}
308,45 -> { 79.000 -9191.000  9191.000
  0.000    91.000   -91.000
101.000  7189.000 -7189.000
}
308,45 -> { 79.000 -9191.000  9191.000
  0.000    91.000   -91.000
101.000  7189.000 -7189.000
}
315,30 -> {91.000 -10101.000  5824.000
 0.000    111.000   -64.000
91.000  10101.000 -5824.000
}
315,33 -> {91.000 -9737.000  6370.000
 0.000   107.000   -70.000
91.000  9737.000 -6370.000
}
315,36 -> {91.000 -9464.000  6825.000
 0.000   104.000   -75.000
91.000  9464.000 -6825.000
}
315,39 -> {91.000 -9009.000  7371.000
 0.000    99.000   -81.000
91.000  9009.000 -7371.000
}
315,42 -> {91.000 -8645.000  7826.000
 0.000    95.000   -86.000
91.000  8645.000 -7826.000
}
315,45 -> {91.000 -8281.000  8281.000
 0.000    91.000   -91.000
91.000  8281.000 -8281.000
}
315,45 -> {91.000 -8281.000  8281.000
 0.000    91.000   -91.000
91.000  8281.000 -8281.000
}
322,30 -> {101.000 -8769.000  5056.000
  0.000   111.000   -64.000
 79.000 11211.000 -6464.000
}
322,33 -> {101.000 -8453.000  5530.000
  0.000   107.000   -70.000
 79.000 10807.000 -7070.000
}
322,36 -> {101.000 -8216.000  5925.000
  0.000   104.000   -75.000
 79.000 10504.000 -7575.000
}
322,39 -> {101.000 -7821.000  6399.000
  0.000    99.000   -81.000
 79.000  9999.000 -8181.000
}
322,42 -> {101.000 -7505.000  6794.000
  0.000    95.000   -86.000
 79.000  9595.000 -8686.000
}
322,45 -> {101.000 -7189.000  7189.000
  0.000    91.000   -91.000
 79.000  9191.000 -9191.000
}
322,45 -> {101.000 -7189.000  7189.000
  0.000    91.000   -91.000
 79.000  9191.000 -9191.000
}
329,30 -> {110.000 -7326.000  4224.000
  0.000   111.000   -64.000
 66.000 12210.000 -7040.000
}
329,33 -> {110.000 -7062.000  4620.000
  0.000   107.000   -70.000
 66.000 11770.000 -7700.000
}
329,36 -> {110.000 -6864.000  4950.000
  0.000   104.000   -75.000
 66.000 11440.000 -8250.000
}
329,39 -> {110.000 -6534.000  5346.000
  0.000    99.000   -81.000
 66.000 10890.000 -8910.000
}
329,42 -> {110.000 -6270.000  5676.000
  0.000    95.000   -86.000
 66.000 10450.000 -9460.000
}
329,45 -> {110.000 -6006.000   6006.000
  0.000    91.000    -91.000
 66.000 10010.000 -10010.000
}
329,45 -> {110.000 -6006.000   6006.000
  0.000    91.000    -91.000
 66.000 10010.000 -10010.000
}
336,30 -> {117.000 -5772.000  3328.000
  0.000   111.000   -64.000
 52.000 12987.000 -7488.000
}
336,33 -> {117.000 -5564.000  3640.000
  0.000   107.000   -70.000
 52.000 12519.000 -8190.000
}
336,36 -> {117.000 -5408.000  3900.000
  0.000   104.000   -75.000
 52.000 12168.000 -8775.000
}
336,39 -> {117.000 -5148.000  4212.000
  0.000    99.000   -81.000
 52.000 11583.000 -9477.000
}
336,42 -> {117.000 -4940.000   4472.000
  0.000    95.000    -86.000
 52.000 11115.000 -10062.000
}
336,45 -> {117.000 -4732.000   4732.000
  0.000    91.000    -91.000
 52.000 10647.000 -10647.000
}
336,45 -> {117.000 -4732.000   4732.000
  0.000    91.000    -91.000
 52.000 10647.000 -10647.000
}
343,30 -> {122.000 -4107.000  2368.000
  0.000   111.000   -64.000
 37.000 13542.000 -7808.000
}
343,33 -> {122.000 -3959.000  2590.000
  0.000   107.000   -70.000
 37.000 13054.000 -8540.000
}
343,36 -> {122.000 -3848.000  2775.000
  0.000   104.000   -75.000
 37.000 12688.000 -9150.000
}
343,39 -> {122.000 -3663.000  2997.000
  0.000    99.000   -81.000
 37.000 12078.000 -9882.000
}
343,42 -> {122.000 -3515.000   3182.000
  0.000    95.000    -86.000
 37.000 11590.000 -10492.000
}
343,45 -> {122.000 -3367.000   3367.000
  0.000    91.000    -91.000
 37.000 11102.000 -11102.000
}
343,45 -> {122.000 -3367.000   3367.000
  0.000    91.000    -91.000
 37.000 11102.000 -11102.000
}
350,30 -> {126.000 -2442.000  1408.000
  0.000   111.000   -64.000
 22.000 13986.000 -8064.000
}
350,33 -> {126.000 -2354.000  1540.000
  0.000   107.000   -70.000
 22.000 13482.000 -8820.000
}
350,36 -> {126.000 -2288.000  1650.000
  0.000   104.000   -75.000
 22.000 13104.000 -9450.000
}
350,39 -> {126.000 -2178.000   1782.000
  0.000    99.000    -81.000
 22.000 12474.000 -10206.000
}
350,42 -> {126.000 -2090.000   1892.000
  0.000    95.000    -86.000
 22.000 11970.000 -10836.000
}
350,45 -> {126.000 -2002.000   2002.000
  0.000    91.000    -91.000
 22.000 11466.000 -11466.000
}
350,45 -> {126.000 -2002.000   2002.000
  0.000    91.000    -91.000
 22.000 11466.000 -11466.000
}
357,30 -> {128.000  -777.000   448.000
  0.000   111.000   -64.000
  7.000 14208.000 -8192.000
}
357,33 -> {128.000  -749.000   490.000
  0.000   107.000   -70.000
  7.000 13696.000 -8960.000
}
357,36 -> {128.000  -728.000   525.000
  0.000   104.000   -75.000
  7.000 13312.000 -9600.000
}
357,39 -> {128.000  -693.000    567.000
  0.000    99.000    -81.000
  7.000 12672.000 -10368.000
}
357,42 -> {128.000  -665.000    602.000
  0.000    95.000    -86.000
  7.000 12160.000 -11008.000
}
357,45 -> {128.000  -637.000    637.000
  0.000    91.000    -91.000
  7.000 11648.000 -11648.000
}
357,45 -> {128.000  -637.000    637.000
  0.000    91.000    -91.000
  7.000 11648.000 -11648.000
}

